0
0
0
0
0
0
0
0
0
0
0
0
0
0
0
0
0
0
0
0
0
0
0
0
0
0
0
0
0
0
0
0
0
0
0
101
255
255
255
255
145
116
255
255
255
255
255
255
255
255
255
0
0
0
0
20
71
72
255
255
71
102
102
102
102
102
102
102
102
102
102
102
102
102
102
102
102
102
102
102
102
255
255
255
0
0
0
0
0
0
0
0
0
0
50
255
255
255
102
233
255
255
255
174
247
249
220
255
255
255
255
255
0
0
20
150
255
255
255
255
255
255
255
255
255
255
255
255
255
255
255
255
255
255
255
255
255
255
255
255
255
255
255
255
255
0
0
0
0
0
0
0
20
101
255
255
255
189
233
255
255
255
255
255
255
132
132
255
255
255
255
255
255
0
101
255
255
255
255
255
255
255
255
255
255
255
255
255
255
255
255
255
255
255
255
255
255
255
255
255
255
255
255
255
255
0
0
0
0
0
0
50
210
255
255
255
255
255
255
255
255
255
255
255
175
255
255
255
255
255
255
255
255
100
255
255
255
255
255
255
255
255
130
72
43
43
43
43
43
43
43
43
43
43
43
43
43
43
72
130
188
255
255
255
255
0
0
0
0
0
50
255
255
255
255
160
255
255
255
255
116
255
255
255
255
255
255
255
255
58
255
255
255
255
255
255
255
58
255
255
255
255
255
255
255
255
255
255
255
255
255
255
255
255
255
255
255
255
255
255
255
116
255
255
255
0
0
0
0
50
255
255
255
248
116
255
255
255
255
255
62
255
255
255
255
255
153
255
255
101
255
255
255
255
255
255
130
59
255
255
255
255
255
255
255
255
255
255
255
255
255
255
255
255
255
255
255
255
255
255
255
73
255
255
255
0
0
0
20
210
255
255
203
234
255
255
255
255
255
141
22
255
255
255
255
200
255
252
255
144
255
255
247
248
146
57
255
190
255
255
255
255
255
255
212
128
128
128
128
128
128
128
128
128
128
128
128
128
255
255
255
30
255
255
255
0
0
0
71
255
255
255
176
255
255
255
157
113
73
22
0
0
255
255
43
22
255
255
255
255
255
255
255
59
255
255
73
255
255
255
255
0
255
255
255
0
0
0
0
0
0
0
0
0
0
0
0
0
76
252
255
0
255
255
255
0
0
0
91
255
255
59
255
255
255
52
0
0
0
0
0
0
0
0
0
0
255
255
255
255
255
255
255
255
0
255
146
255
255
200
255
0
255
255
255
0
0
0
0
0
0
0
0
0
0
0
0
0
76
252
255
0
255
255
255
0
0
0
76
252
255
255
255
255
106
0
0
0
0
0
0
0
0
0
0
0
255
255
255
255
255
255
255
255
87
255
255
255
255
91
255
0
255
255
255
0
0
0
0
0
0
0
0
0
0
0
0
0
76
252
255
0
255
255
255
0
0
0
76
252
255
0
255
255
255
0
0
0
0
0
0
0
0
0
0
0
0
255
255
255
255
255
116
43
43
132
255
255
200
22
255
0
255
255
255
0
0
0
0
0
0
0
0
0
0
0
0
0
76
252
255
0
255
255
255
0
0
0
76
252
255
28
255
255
255
0
0
0
0
0
0
0
0
0
0
0
0
0
0
76
252
255
255
87
204
255
255
255
91
0
255
0
255
255
255
0
0
0
0
0
0
0
0
0
0
0
0
0
76
252
255
0
255
255
255
0
0
0
105
255
255
86
255
255
255
255
0
0
0
0
0
0
0
0
0
0
0
0
0
105
255
255
255
255
255
255
255
185
22
0
255
0
255
255
255
0
0
0
0
0
0
0
0
0
0
0
0
0
76
252
255
0
255
255
255
0
0
20
213
255
255
116
255
255
255
255
0
0
0
0
0
0
0
0
0
0
0
0
50
255
255
255
74
255
255
255
200
52
0
0
255
0
255
255
255
0
0
0
0
0
0
0
0
0
0
0
0
0
76
252
255
0
255
255
255
0
0
101
255
255
255
255
204
255
223
255
0
0
0
0
0
0
0
0
0
0
0
0
159
255
255
218
191
255
255
141
22
0
0
0
255
0
255
255
255
0
0
0
0
0
0
0
0
0
0
0
0
0
76
252
255
0
255
255
255
0
20
228
255
255
29
255
255
255
255
62
0
0
0
0
0
0
0
0
0
0
0
0
134
255
255
72
255
255
255
255
0
0
0
0
255
0
255
255
255
0
0
0
0
0
0
0
0
0
0
0
0
0
76
252
255
0
255
255
255
0
71
255
255
204
233
255
255
255
141
22
0
0
0
0
0
0
0
0
0
0
0
0
255
255
255
255
255
255
255
255
255
0
0
0
255
0
255
255
255
0
0
0
0
0
0
0
0
0
0
0
0
0
76
252
255
0
255
255
255
0
91
255
255
59
255
255
255
101
22
0
0
0
0
0
0
0
0
0
0
0
0
0
255
255
255
255
255
255
255
255
255
0
0
0
255
0
255
255
255
0
0
0
0
0
0
0
0
0
0
0
0
0
76
252
255
0
255
255
255
0
76
252
255
14
255
255
255
255
0
0
0
0
0
0
0
0
0
0
0
0
0
0
0
255
255
255
255
29
255
255
255
255
0
0
255
0
255
255
255
0
0
0
0
0
0
0
0
0
0
0
0
0
76
252
255
0
255
255
255
0
76
252
255
87
255
255
255
255
255
0
0
0
0
0
0
0
0
0
0
0
0
0
0
0
255
255
255
255
255
255
255
255
0
0
255
0
255
255
255
0
0
0
0
0
0
0
0
0
0
0
0
0
76
252
255
0
255
255
255
0
76
252
255
130
255
255
255
255
255
0
0
0
0
0
0
0
0
0
0
0
0
0
0
0
255
255
255
255
255
255
255
255
0
0
255
0
255
255
255
0
0
0
0
0
0
0
0
0
0
0
0
0
76
252
255
0
255
255
255
0
105
255
255
115
88
248
255
199
32
0
0
0
0
0
0
0
0
0
0
0
0
0
0
0
0
255
255
255
30
255
255
255
0
0
255
0
255
255
255
0
0
0
0
0
0
0
0
0
0
0
0
0
76
252
255
0
255
255
255
20
213
255
255
255
255
255
255
185
22
0
0
0
0
0
0
0
0
0
0
0
0
0
0
0
0
105
255
255
60
255
255
77
0
0
255
0
255
255
255
0
0
0
0
0
0
0
0
0
0
0
0
0
76
252
255
0
255
255
255
71
255
255
204
233
255
255
245
52
0
0
0
0
0
0
0
0
0
0
0
0
0
0
0
0
50
255
255
255
191
255
255
62
0
0
255
0
255
255
255
0
0
0
0
0
0
0
0
0
0
0
0
0
76
252
255
0
255
255
255
91
255
255
59
255
255
255
52
0
0
0
0
0
0
0
0
0
0
0
0
0
0
0
20
101
255
255
255
87
255
255
200
22
0
0
255
0
255
255
255
0
0
0
0
0
0
0
0
0
0
0
0
0
76
252
255
0
255
255
255
76
252
255
14
255
255
255
255
0
0
0
0
0
0
0
0
0
0
0
0
0
0
50
210
255
255
255
255
191
255
255
91
0
0
0
255
0
255
255
255
0
0
0
0
0
0
0
0
0
0
0
0
0
76
252
255
0
255
255
255
255
255
255
255
255
255
255
255
255
0
0
0
0
0
0
0
0
0
0
0
0
20
210
255
255
255
218
118
255
255
200
22
0
0
0
255
0
255
255
255
0
0
0
0
0
0
0
0
0
0
0
0
0
76
252
255
0
255
255
255
255
255
255
255
255
255
255
255
255
0
0
0
0
0
0
0
0
0
0
0
0
41
255
255
255
116
175
255
255
255
91
0
0
0
0
255
28
255
255
255
102
102
102
102
102
102
102
102
102
102
102
102
102
185
255
255
255
255
255
255
255
255
255
255
87
255
255
255
255
0
0
0
0
0
0
0
0
0
0
0
0
255
255
255
255
88
255
255
255
141
22
0
0
0
0
255
87
255
255
255
255
255
255
255
255
255
255
255
255
255
255
255
255
255
255
255
255
255
255
255
20
199
255
255
255
255
255
255
62
0
0
0
0
0
0
20
41
255
255
0
0
255
255
255
255
255
234
255
170
22
0
20
41
255
255
255
130
255
255
255
255
255
255
255
255
255
255
255
255
255
255
255
255
255
255
233
255
255
255
255
71
255
255
204
233
255
255
185
22
0
0
0
0
0
20
150
255
255
255
255
0
0
255
255
255
255
255
255
255
0
50
210
255
255
255
255
255
255
255
255
43
43
43
43
43
43
43
43
43
43
43
43
43
255
255
255
248
255
255
77
91
255
255
59
255
255
255
52
0
0
0
0
0
0
71
255
255
255
255
255
255
0
90
255
255
117
255
255
149
20
210
255
255
255
255
255
255
255
255
255
255
255
255
255
255
255
255
255
255
255
255
255
255
255
255
255
255
255
255
62
255
255
255
255
255
255
255
0
0
0
0
0
0
0
61
251
255
255
255
255
255
131
255
255
255
255
255
255
106
71
255
255
255
255
255
255
255
255
255
255
255
255
255
255
255
255
255
255
255
255
255
255
255
255
255
255
255
255
141
22
255
255
255
255
255
255
255
255
255
0
0
0
0
0
255
255
255
255
255
255
255
255
255
255
189
234
255
255
62
91
255
255
59
255
255
255
98
128
128
128
128
128
128
128
128
128
128
128
128
128
128
128
128
128
128
128
113
73
22
0
255
255
255
255
58
255
255
255
255
255
0
0
0
0
255
255
255
255
255
255
255
255
255
218
118
255
255
200
22
76
252
255
0
255
255
0
0
0
0
0
0
0
0
0
0
0
0
0
0
0
0
20
71
102
102
102
255
255
255
0
0
255
255
255
255
130
255
255
255
255
255
0
20
41
255
255
255
255
255
255
115
87
45
255
255
255
255
91
0
76
252
255
0
255
255
0
0
0
0
0
0
0
0
0
0
0
0
0
0
20
101
238
255
255
255
255
255
255
255
255
255
255
255
255
255
255
101
255
255
255
255
50
210
255
255
255
55
255
255
255
255
255
255
255
255
255
141
22
0
105
255
255
60
255
255
0
0
0
0
0
0
0
0
0
0
0
0
20
101
238
255
255
255
255
255
255
255
255
255
255
255
255
26
255
255
255
255
255
255
255
255
255
255
255
255
255
255
135
245
248
255
255
255
255
240
101
22
0
20
213
255
255
191
255
255
0
0
0
0
0
0
0
0
0
0
0
50
210
255
255
255
255
219
87
43
43
58
146
255
255
255
255
255
255
255
255
255
255
255
255
255
255
255
255
255
255
255
255
255
255
89
255
255
156
22
0
0
0
71
255
255
161
255
255
200
0
0
0
0
0
0
0
0
0
0
50
255
255
255
255
145
147
255
255
255
255
255
255
255
131
255
255
255
255
255
255
255
255
255
130
255
255
255
145
255
255
255
255
255
87
255
255
255
62
0
0
0
0
91
255
255
44
255
255
106
0
0
0
0
0
0
0
0
0
50
255
255
255
248
116
255
255
255
255
255
255
255
255
255
255
255
255
255
255
255
255
255
255
255
255
255
255
255
255
255
255
255
255
74
255
255
255
185
22
0
0
0
0
105
255
255
60
255
255
77
0
0
0
0
0
0
0
0
20
210
255
255
203
234
255
255
255
255
157
128
128
143
180
255
255
255
255
255
255
255
255
255
255
255
255
255
255
255
255
255
255
255
255
255
255
255
245
52
0
0
0
0
20
213
255
255
191
255
255
62
0
0
0
0
0
0
0
0
101
255
255
219
234
255
255
255
101
22
0
0
0
0
255
255
255
255
255
255
255
255
255
255
26
255
255
255
255
255
255
255
255
255
255
255
255
200
52
0
0
0
0
0
101
255
255
160
255
255
200
22
0
0
0
0
0
0
0
20
228
255
255
131
255
255
245
52
0
0
0
0
0
0
0
0
255
255
255
255
255
255
255
255
255
255
255
98
128
128
128
128
128
128
128
113
73
22
0
0
0
0
0
50
255
255
255
255
255
255
106
0
0
0
0
0
0
0
0
101
255
255
101
255
255
255
52
0
0
0
0
0
0
0
0
0
0
255
255
255
255
29
255
255
255
0
0
0
0
0
0
0
0
0
0
0
0
0
0
0
0
0
50
255
255
255
131
255
255
255
62
0
0
0
0
0
0
0
20
228
255
255
147
255
255
91
0
0
0
0
0
0
0
0
0
0
0
0
255
255
255
255
255
255
255
255
0
0
0
0
0
0
0
0
0
0
0
0
0
0
0
50
255
255
255
255
176
255
255
185
22
0
0
0
0
0
0
0
71
255
255
161
255
255
200
22
0
0
0
0
0
0
0
0
0
0
0
0
255
255
255
255
255
255
255
255
0
0
0
0
0
0
0
0
0
0
0
0
0
20
101
255
255
255
255
118
255
255
255
52
0
0
0
0
0
0
0
0
91
255
255
44
255
255
106
0
0
0
0
0
0
0
0
0
0
0
0
0
0
255
255
255
255
255
255
255
0
0
0
0
0
0
0
0
0
0
0
20
101
238
255
255
255
203
190
255
255
255
91
0
0
0
0
0
0
0
0
0
76
252
255
0
255
255
255
0
0
0
0
0
0
0
0
0
0
0
0
0
0
76
252
255
0
255
255
255
0
0
0
0
0
0
0
0
0
20
101
238
255
255
255
255
101
255
255
255
255
141
22
0
0
0
0
0
0
0
0
0
76
252
255
0
255
255
255
0
0
0
0
0
0
0
0
0
0
0
0
0
0
76
252
255
0
255
255
255
0
0
0
0
0
0
0
20
101
238
255
255
255
255
145
147
255
255
255
255
101
22
0
0
0
0
0
0
0
0
0
0
255
255
255
255
255
255
255
0
0
0
0
0
0
0
0
0
0
0
0
0
0
105
255
255
60
255
255
77
0
0
0
0
0
0
50
210
255
255
255
255
205
116
255
255
255
255
200
52
0
0
0
0
0
0
0
0
0
0
0
0
255
255
255
255
255
255
255
255
0
0
0
0
0
0
0
0
0
0
0
0
20
213
255
255
191
255
255
62
0
0
0
0
20
101
255
255
255
255
255
0
255
255
255
255
240
101
22
0
0
0
0
0
0
0
0
0
0
0
0
0
255
255
255
255
255
255
255
255
0
0
0
0
0
0
0
0
0
0
0
0
101
255
255
160
255
255
200
22
0
0
0
50
210
255
255
255
255
0
255
255
255
255
255
101
22
0
0
0
0
0
0
0
0
0
0
0
0
0
0
0
0
255
255
255
255
255
255
255
255
0
0
0
0
0
0
0
0
0
0
50
255
255
255
255
255
255
106
0
0
0
50
255
255
255
255
160
190
255
255
255
255
200
52
0
0
0
0
0
0
0
0
0
0
0
0
0
0
0
0
0
0
255
255
255
255
58
255
255
255
255
0
0
0
0
0
0
0
0
50
255
255
255
131
255
255
255
62
0
0
50
255
255
255
255
0
255
255
255
255
240
101
22
0
0
0
0
0
0
0
0
0
0
0
0
0
0
0
0
0
0
0
0
255
255
255
255
255
255
255
255
255
255
0
0
0
0
20
101
255
255
255
203
234
255
255
185
22
0
50
255
255
255
203
190
255
255
255
255
101
22
0
0
0
0
0
0
0
0
0
0
0
0
0
0
0
0
0
0
0
0
0
0
255
255
255
255
255
255
255
255
255
255
255
102
102
130
238
255
255
255
203
234
255
255
245
52
0
50
255
255
255
203
234
255
255
255
200
52
0
0
0
0
0
0
0
0
0
0
0
0
0
0
0
0
0
0
0
0
0
0
0
0
0
255
255
255
255
255
130
255
255
255
255
255
255
255
255
255
255
160
234
255
255
245
52
0
20
210
255
255
203
234
255
255
255
101
22
0
0
0
0
0
0
0
0
0
0
0
0
0
0
0
0
0
0
0
0
0
0
0
0
0
0
0
255
255
255
255
255
255
117
255
255
255
255
255
255
204
255
255
255
255
245
52
0
0
41
242
255
255
255
255
255
245
52
0
0
0
0
0
0
0
0
0
0
0
0
0
0
0
0
0
0
0
0
0
0
0
0
0
0
0
0
0
0
255
255
255
255
255
255
255
255
43
43
31
191
255
255
255
255
245
52
0
0
0
255
255
255
255
255
255
245
52
0
0
0
0
0
0
0
0
0
0
0
0
0
0
0
0
0
0
0
0
0
0
0
0
0
0
0
0
0
0
0
0
0
0
0
0
0
0
0
0
0
0
0
0
0
0
0
0
0
0
0
0
0
0
0
0
0
0
0
0
0
0
0
0
0
0
0
0
0
0
0
0
0
0
0
0
0
0
0
0
0
0
0
0
0
0
0
0
0
0
0
0
0
0
0
0
0
0
0
0
0
0
0
0
0
0
0
0
0
0
0
0
0
0
0
0
0
0
0
0
0
0
0
0
0
0
0
0
0
0
0
0
0
0
0
0
0
0
0
0
0
0
0
0
0
0
0
0
0
0
0
0
0
0
0
0
0
0
0
0
0
0
0
0
0
0
0
0
0
0
0
0
0
0
0
0
0
0
0
0
0
0
0
0
0
0
0
0
0
0
0
0
0
0
0
0
0
0
0
0
0
0
0
0
0
0
0
0
0
0
0
0
0
0
0
0
0
0
0
0
0
0
0
0
0
0
0
0
0
0
0
0
0
0
0
0
0
0
0
0
0
0
0
0
0
0
0
0
0
0
0
0
0
0
0
0
0
0
0
0
0
0
0
0
0
0
0
0
0
0
0
0
0
0
0
0
0
0
0
0
0
0
0
0
0
0
0
0
0
0
0
0
0
0
0
0
0
0
0
0
0
0
0
0
0
0
0
0
0
0
0
0
0
0
0
0
0
0
0
0
0
0
0
0
0
0
0
0
0
0
0
0
0
0
0
0
0
0
0
0
0
0
0
0
0
0
0
0
0
0
0
0
0
0
0
0
0
0
0
0
0
0
0
0
0
0
0
0
0
0
0
0
0
0
0
0
0
0
0
0
0
0
0
0
0
0
0
0
0
0
0
0
0
0
0
0
0
0
0
0
0
0
0
0
0
0
0
0
0
0
0
0
0
0
0
0
0
0
0
0
0
0
0
0
0
0
0
0
0
0
0
0
0
0
0
0
0
0
0
0
0
0
0
0
0
0
0
0
0
0
0
0
0
0
0
0
0
0
0
0
0
0
0
0
0
0
0
0
0
0
0
0
0
0
0
0
0
0
0
0
0
0
0
0
0
0
0
0
0
0
0
0
0
0
0
0
0
0
0
0
0
0
0
0
0
0
0
0
0
0
0
0
0
0
0